export const sobel3h = [
    [-1, 0, 1],
    [-2, 0, 2],
    [-1, 0, 1]
];
export const sobel3v = [
    [-1, -2, -1],
    [0, 0, 0],
    [1, 2, 1]
];
export const sobel5h = [
    [2, 2, 4, 2, 2],
    [1, 1, 2, 1, 1],
    [0, 0, 0, 0, 0],
    [-1, -1, -2, -1, -1],
    [-2, -2, -4, -2, -2]
];
export const sobel5v = [
    [2, 1, 0, -1, -2],
    [2, 1, 0, -1, -2],
    [4, 2, 0, -2, -4],
    [2, 1, 0, -1, -2],
    [2, 1, 0, -1, -2]
];
export const gse = [
    [0, 0, 1, 2, 1, 0, 0],
    [0, 3, 13, 22, 13, 3, 0],
    [1, 13, 59, 97, 59, 13, 1],
    [2, 22, 97, 159, 97, 22, 2],
    [1, 13, 59, 97, 59, 13, 1],
    [0, 3, 13, 22, 13, 3, 0],
    [0, 0, 1, 2, 1, 0, 0]
];
export const ones7 = [
   [1, 1, 1, 1, 1, 1, 1],
   [1, 1, 1, 1, 1, 1, 1],
   [1, 1, 1, 1, 1, 1, 1],
   [1, 1, 1, 1, 1, 1, 1],
   [1, 1, 1, 1, 1, 1, 1],
   [1, 1, 1, 1, 1, 1, 1],
   [1, 1, 1, 1, 1, 1, 1]
];