
export const sobelH = [
    [2, 2, 4, 2, 2],
    [1, 1, 2, 1, 1],
    [0, 0, 0, 0, 0],
    [-1, -1, -2, -1, -1],
    [-2, -2, -4, -2, -2]
];
export const sobelV = [
    [2, 1, 0, -1, -2],
    [2, 1, 0, -1, -2],
    [4, 2, 0, -2, -4],
    [2, 1, 0, -1, -2],
    [2, 1, 0, -1, -2]
];
export const ones = [
   [1, 1, 1, 1, 1],
   [1, 1, 1, 1, 1],
   [1, 1, 1, 1, 1],
   [1, 1, 1, 1, 1],
   [1, 1, 1, 1, 1]
];